0.815771
0.924814
0.992769
0.975017
0.944410
0.849924
0.908300
0.523901
0.888882
0.892769
0.909815
0.915277
0.821960
0.749616
0.740581
0.990890
0.619911
0.485356
0.891366
0.832768
0.910309
0.891668
0.754615
0.475237
0.975755
0.869571
0.734458
0.842095
0.966783
0.955244
0.978532
0.934658
0.617296
0.969872
0.952213
0.770318
0.963510
0.817564
0.853475
0.504513
0.706093
0.962976
0.711466
0.586478
0.689453
0.929524
0.687570
0.970650
0.683299
0.774424
0.642008
0.593923
0.860114
0.919971
0.935348
0.965221
0.790196
0.854688
0.958346
0.646139
0.904987
0.365254
0.787037
0.926464
0.794354
0.293534
0.702083
0.894152
0.816600
0.501259
0.773335
0.503453
0.303567
0.639183
0.593800
0.886232
0.973873
0.779211
0.653837
0.924721
0.759484
0.980063
0.959046
0.501885
0.583987
0.600500
0.992124
0.678751
0.639333
0.994769
0.960477
0.873082
0.640391
0.670163
0.748425
0.957764
0.941163
0.979791
0.784530
0.784752
0.905864
0.967721
0.720364
0.183244
0.981033
0.456520
0.917052
0.764977
0.627351
0.816792
0.632813
0.847570
0.835014
0.701382
0.979727
0.741133
0.938984
0.707528
0.906138
0.918236
0.794934
0.739563
0.919949
0.959468
0.917259
0.943347
0.896118
0.927519
0.855588
0.846550
0.923189
0.991256
0.707323
0.975154
0.977914
0.358496
0.219871
0.991756
0.932587
0.548018
0.520995
0.914457
0.624823
0.702710
0.967919
0.571908
0.971978
0.605869
0.624039
0.617256
0.908680
0.980732
0.652706
0.986024
0.819939
0.928216
0.888604
0.675068
0.982177
0.611827
0.932184
0.507888
0.941284
0.944244
0.616113
0.988527
0.271617
0.529674
0.958438
0.731776
0.915344
0.674412
0.619800
0.975967
0.968116
0.946371
0.980856
0.653952
0.987069
0.919486
0.813634
0.946098
0.863833
0.532842
0.947659
0.515650
0.943432
0.949209
0.959187
0.996502
0.950076
0.948317
0.662337
0.652123
0.931834
0.892868
0.988202
0.987819
0.828767
0.963836
0.956137
0.953906
0.939997
0.882899
0.712689
0.493568
0.829912
0.488995
0.858515
0.807723
0.541807
0.611475
0.712459
0.754330
0.235123
0.679609
0.935665
0.973452
0.846379
0.537653
0.737037
0.707705
0.367168
0.930759
0.768293
0.781954
0.528613
0.988963
0.709013
0.728920
0.540794
0.798157
0.838575
0.324018
0.660987
0.546242
0.862197
0.824200
0.923641
0.968437
0.499563
0.434756
0.970893
0.959757
0.603116
0.974695
0.950010
0.990998
0.990922
0.745278
0.609943
0.512121
0.897193
0.850535
0.455249
0.457856
0.958421
0.831515
0.944599
0.914005
0.741701
0.631899
0.786949
0.986871
0.975383
0.946707
0.307143
0.562511
0.936082
0.661797
0.921133
0.952849
0.960494
0.553968
0.874654
0.791444
0.754358
0.934568
0.805281
0.813832
0.648085
0.658063
0.813355
0.866167
0.478093
0.887345
0.594185
0.699751
0.731277
0.895917
0.789548
0.880306
0.468884
0.658977
0.599269
0.629197
0.506329
0.873644
0.995056
0.981886
0.908464
0.647483
0.996872
0.931135
0.708594
0.650447
0.920914
0.939300
0.788249
0.939874
0.890986
0.516065
0.540555
0.938361
0.945091
0.782946
0.663212
0.961312
0.976833
0.491512
0.783506
0.965280
0.984641
0.977246
0.959356
0.495525
0.681118
0.581217
0.837858
0.914073
0.518497
0.701454
0.629993
0.680255
0.956783
0.964631
0.892267
0.943285
0.974651
0.711528
0.816976
0.978794
0.646683
0.492235
0.842388
0.966131
0.969140
0.982217
0.778370
0.731328
0.929144
0.990299
0.972592
0.925788
0.714350
0.514661
0.936912
0.966764
0.810160
0.889872
0.865103
0.950223
0.977571
0.853442
0.723278
0.734432
0.853862
0.737896
0.727237
0.534697
0.848427
0.807133
0.926911
0.947072
0.703057
0.925696
0.804603
0.376440
0.770907
0.489802
0.310552
0.625464
0.890313
0.924179
0.941817
0.416507
0.559395
0.989884
0.968059
0.904034
0.828953
0.941892
0.755356
0.827748
0.986788
0.891053
0.979077
0.484108
0.959261
0.606718
0.955059
0.915454
0.979315
0.838411
0.808041
0.915137
0.819914
0.909470
0.925301
0.661801
0.592616
0.730318
0.971994
0.841694
0.808407
0.926903
0.843496
0.990133
0.987450
0.960400
0.639407
0.814561
0.888110
0.678355
0.955079
0.699095
0.865441
0.529525
0.943609
0.796815
0.917691
0.716916
0.989465
0.507279
0.927097
0.971775
0.962808
0.968811
0.980861
0.925719
0.987973
0.956301
0.944772
0.495641
0.499368
0.374231
0.967731
0.777801
0.955526
0.957421
0.981860
0.787867
0.628053
0.906284
0.903408
0.772686
0.460070
0.870864
0.237426
0.920150
0.878056
0.911034
0.984882
0.622062
0.826777
0.872940
0.919202
0.883286
0.991526
0.990494
0.536885
0.720054
0.642403
0.862540
0.638368
0.629860
0.839615
0.868173
0.705308
0.889036
0.433856
0.832563
0.950657
0.799772
0.854755
0.590045
0.894773
0.337441
0.931933
0.989719
0.968961
0.928838
0.966145
0.585120
0.953814
0.827284
0.760045
0.821193
0.499435
0.984254
0.574483
0.451974
0.992788
0.970416
0.684033
0.961932
0.882526
0.839068
0.467489
0.475497
0.416355
0.887093
0.715370
0.847643
0.529251
0.973757
0.933375
0.890032
0.928890
0.961820
0.974454
0.802628
0.415091
0.487093
0.906268
0.953266
0.952598
0.947177
0.301871
0.792651
0.641096
0.931093
0.778509
0.314448
0.425761
0.651298
0.568417
0.683279
0.649393
0.760032
0.684823
0.319369
0.903131
0.940435
0.874526
0.325191
0.913408
0.740332
0.984094
0.626015
0.956653
0.748747
0.984602
0.919567
0.885440
0.945150
0.887708
0.875710
0.790535
0.738166
0.846526
0.918201
0.949804
0.940692
0.975908
0.843046
0.994277
0.990727
0.909807
0.991288
0.931708
0.758494
0.758488
0.977404
0.920241
0.873619
0.810756
0.793127
0.725972
0.723888
0.801609
0.832402
0.983180
0.530014
0.544157
0.850054
0.836297
0.960463
0.334437
0.916234
0.978667
0.994604
0.986565
0.980642
0.843312
0.944855
0.761460
0.454858
0.951982
0.739178
0.879475
0.972323
0.933725
0.977562
0.959756
0.972185
0.781495
0.298448
0.960203
0.839681
0.891211
0.955432
0.891150
0.846419
0.991203
0.978606
0.843379
0.608565
0.941083
0.971062
0.878442
0.730755
0.381982
0.357453
0.865248
0.939384
0.711193
0.987485
0.928567
0.949940
0.867030
0.992247
0.951434
0.759461
0.829709
0.976852
0.992732
0.338084
0.890064
0.540124
0.795936
0.938115
0.624263
0.908449
0.979225
0.656692
0.961672
0.501815
0.996343
0.993786
0.980800
0.359457
0.807956
0.898586
0.772784
0.970864
0.515576
0.930691
0.991414
0.813348
0.559856
0.593518
0.881636
0.459731
0.325977
0.528290
0.958713
0.959558
0.629331
0.564579
0.646223
0.969068
0.991602
0.975029
0.789636
0.837771
0.886266
0.569474
0.578504
0.943838
0.563848
0.984359
0.984642
0.918887
0.713957
0.890286
0.876053
0.557376
0.742130
0.881740
0.671477
0.853472
0.906195
0.693708
0.792226
0.886298
0.502634
0.864258
0.844561
0.768534
0.973792
0.982104
0.922106
0.982104
0.922106
0.751885
0.840298
0.963657
0.764255
0.551654
0.879343
0.692454
0.984606
0.926343
0.747672
0.745934
0.923156
0.777826
0.851469
0.345842
0.536039
0.554355
0.679508
0.878647
0.738104
0.810678
0.641339
0.977559
0.950225
0.502224
0.731309
0.975737
0.909955
0.962168
0.967861
0.849418
0.938384
0.928445
0.491102
0.946533
0.968932
0.841308
0.515050
0.760011
0.977206
0.922552
0.525670
0.994477
0.595209
0.453041
0.853827
0.920249
0.960666
0.978575
0.856915
0.990176
0.760070
0.985613
0.403927
0.793866
0.843129
0.958346
0.758687
0.912618
0.894350
0.891722
0.526412
0.996623
0.789280
0.991867
0.575239
0.528860
0.836910
0.484869
0.978067
0.611685
0.514023
0.782083
0.706018
0.959208
0.933440
0.854571
0.990845
0.552770
0.961505
0.828670
0.644737
0.639880
0.762515
0.962454
0.948083
0.962215
0.879561
0.787791
0.808777
0.956934
0.701664
0.877719
0.878574
0.538182
0.925551
0.905912
0.801218
0.952819
0.983325
0.677738
0.569080
0.910643
0.769508
0.981792
0.772722
0.798433
0.982874
0.954208
0.987281
0.959986
0.844713
0.936312
0.659743
0.327476
0.675359
0.587498
0.873348
0.627531
0.881804
0.948058
0.544793
0.730997
0.997500
0.534911
0.950921
0.961375
0.889703
0.640100
0.929112
0.981046
0.679077
0.984809
0.731859
0.703647
0.744247
0.687995
0.605560
0.867649
0.875566
0.985336
0.950796
0.988152
0.560514
0.806158
0.544039
0.972963
0.896029
0.981044
0.995020
0.955698
0.588088
0.900807
0.887197
0.984419
0.352759
0.946553
0.849107
0.887521
0.664693
0.933050
0.875307
0.970684
0.926623
0.882165
0.975006
0.605181
0.446788
0.941692
0.792701
0.756254
0.578335
0.900437
0.952774
0.882782
0.912693
0.258107
0.752626
0.596144
0.643762
0.384932
0.957402
0.682939
0.956786
0.835311
0.826913
0.573086
0.926089
0.825804
0.833607
0.556997
0.950280
0.974441
0.991337
0.542288
0.817153
0.892122
0.904391
0.791097
0.826000
0.948032
0.944098
0.735157
0.904466
0.739453
0.693659
0.801562
0.558782
0.958599
0.537498
0.950908
0.554764
0.526836
0.959904
0.996788
0.575327
0.845490
0.554090
0.930562
0.891186
0.956237
0.942946
0.826937
0.882487
0.894891
0.898686
0.971530
0.636695
0.447821
0.641570
0.838485
0.878563
0.987631
0.633228
0.777891
0.933209
0.528694
0.660316
0.497518
0.901932
0.514068
0.883405
0.744880
0.266520
0.287167
0.679871
0.401292
0.928579
0.993666
0.788594
0.924529
0.954501
0.701209
0.872300
0.785143
0.897556
0.958069
0.956582
0.766176
0.893179
0.956613
0.626805
0.531289
0.958252
0.987063
0.909510
0.251524
0.824945
0.937035
0.509352
0.918332
0.966994
0.432107
0.957998
0.175478
0.982484
0.697878
0.314083
0.604450
0.907452
0.955277
0.904323
0.897796
0.933668
0.805651
0.766881
0.983049
0.853952
0.833383
0.747020
0.989492
0.940882
0.941695
0.579525
0.583903
0.868448
0.923134
0.892418
0.984150
0.782974
0.839614
0.615834
0.472965
0.792017
0.927372
0.692667
0.604627
0.981157
0.675372
0.479655
0.715939
0.507623
0.403471
0.745848
0.750610
0.956283
0.602583
0.612542
0.650663
0.160775
0.775604
0.863095
0.607757
0.941242
0.985184
0.652834
0.799408
0.991498
0.727315
0.935615
0.693100
0.816258
0.820555
0.829625
0.974140
0.439942
0.282261
0.390522
0.880194
0.606880
0.961034
0.984506
0.654784
0.730122
0.924180
0.858503
0.678119
0.919980
0.964708
0.860576
0.516965
0.895326
0.868272
0.292114
0.556357
0.985267
0.783977
0.694284
0.571331
0.783267
0.685688
0.587329
0.627342
0.572231
0.967714
0.513231
0.886923
0.754649
0.983706
0.722268
0.922682
0.464929
0.878476
0.989905
0.979873
0.146729
0.624300
0.939580
0.804786
0.889460
0.746963
0.554064
0.606248
0.486437
0.731856
0.549434
0.685260
0.532775
0.857166
0.859630
0.627301
0.899677
0.926140
0.981716
0.943721
0.870714
0.770491
0.843611
0.778230
0.545451
0.852024
0.894802
0.849553
0.686371
0.960302
0.562435
0.966463
0.785392
0.845704
0.519518
0.900104
0.982181
0.594168
0.831634
0.914662
0.704649
0.973610
0.596415
0.693338
0.744672
0.989642
0.944298
0.767746
0.840037
0.878843
0.933251
0.971149
0.813348
0.717362
0.831132
0.916029
0.978085
0.917284
0.947951
0.915157
0.965839
0.797792
0.741168
0.990753
0.705911
0.712918
0.918828
0.917241
0.672088
0.744578
0.556188
0.633400
0.985224
0.961542
0.986230
0.917856
0.944086
0.611224
0.491774
0.959519
0.682595
0.960077
0.966826
0.801689
0.603143
0.415498
0.696219
0.912677
0.939129
0.930757
0.590813
0.890642
0.932271
0.787424
0.926972
0.928880
0.656238
0.509435
0.813859
0.892036
0.675674
0.933922
0.955263
0.878089
0.586749
0.703218
0.898954
0.931726
0.539241
0.968912
0.944816
0.576437
0.996049
0.502818
0.850150
0.923868
0.956853
0.780550
0.720553
0.976334
0.973915
0.979796
0.814070
0.981907
0.719286
0.762302
0.952260
0.878562
0.843141
0.881789
0.759993
0.952227
0.640450
0.559618
0.803290
0.888150
0.871922
0.867256
0.940446
0.759940
0.977119
0.381093
0.916311
0.958181
0.771240
0.943996
0.979380
0.674156
0.955807
0.980181
0.989868
0.911283
0.899782
0.966236
0.751508
0.982341
0.985932
0.809848
0.873227
0.882102
0.616076
0.375442
0.698278
0.592856
0.807926
0.545260
0.930665
0.966220
0.689336
0.645825
0.526547
0.789361
0.722532
0.873923
0.969610
0.731375
0.616103
0.525317
0.402664
0.925591
0.490261
0.948369
0.931695
0.721354
0.549518
0.993536
0.634889
0.798063
0.925376
0.951266
0.683683
0.995755
0.847474
0.683369
0.775521
0.941229
0.982519
0.902338
0.952782
0.849358
0.890499
0.650035
0.949847
0.497261
0.946396
0.426967
0.981907
0.943100
0.827846
0.892033
0.899140
0.384202
0.497357
0.634367
0.854390
0.981126
0.991335
0.687068
0.650020
0.973327
0.941892
0.742820
0.896511
0.922886
0.905833
0.840688
0.933854
0.809527
0.971722
0.830799
0.988686
0.938097
0.864082
0.839773
0.608338
0.678620
0.995109
0.823871
0.476247
0.929710
0.369464
0.519575
0.850825
0.622816
0.833454
0.862295
0.906101
0.779311
0.865494
0.917720
0.936279
0.821450
0.954745
0.960763
0.705323
0.946577
0.879150
0.350134
0.764033
0.955014
0.736970
0.874845
0.841998
0.723099
0.690132
0.966762
0.394878
0.684393
0.898683
0.968386
0.744742
0.968275
0.899400
0.944673
0.962254
0.970544
0.913743
0.550499
0.601488
0.949289
0.469296
0.176743
0.822795
0.971577
0.993432
0.692139
0.990222
0.892158
0.944926
0.615784
0.924010
0.848569
0.876160
0.761483
0.945247
0.942482
0.890613
0.944291
0.916422
0.772986
0.792926
0.970003
0.685187
0.842520
0.813570
0.732974
0.669303
0.511372
0.896718
0.669885
0.924242
0.836829
0.710394
0.981856
0.786457
0.912438
0.982896
0.953774
0.978717
0.912476
0.520778
0.981500
0.858440
0.728160
0.903911
0.934234
0.983420
0.982115
0.976050
0.812130
0.667284
0.869664
0.878354
0.896245
0.623845
0.585324
0.344974
0.872710
0.900875
0.932084
0.655195
0.775690
0.979040
0.990257
0.983813
0.978297
0.960579
0.777350
0.873534
0.537779
0.937884
0.959228
0.946076
0.952605
0.732499
0.918997
0.390864
0.738222
0.921832
0.978533
0.849538
0.957501
0.965129
0.936188
0.727396
0.422298
0.818599
0.792237
0.954991
0.817323
0.724443
0.969616
0.982312
0.986738
0.582687
0.975760
0.984592
0.732782
0.447388
0.938336
0.896858
0.967729
0.960994
0.989853
0.949857
0.909514
0.638868
0.888593
0.936462
0.990724
0.805748
0.758370
0.957645
0.981856
0.985490
0.707251
0.946994
0.975553
0.716511
0.354108
0.754874
0.845768
0.629578
0.760470
0.803629
0.948195
0.701286
0.741723
0.879393
0.904421
0.708594
0.920860
0.991426
0.761013
0.815421
0.949521
0.975492
0.806108
